0
0
1
2
1
0
0
0
0
0
0
0
0
0
0
0
0
0
0
0
0
0
0
0
106

0

1

7

15

30

25

27

29

36

42

50


58

55


56

66


78

90


85

83


8
3

80


8
3

83

7
8

70

6
2

48

34

25

11

0

0

0

0

0

0

0

0

0

0

0

0

0

0

0

0

0

0

0

0

0

0

1

5

10

15

20

23

27

33

39

47

56

53

53

64


76

83


87

84


82

83


84

84


78

70

65

48

36

22

11

0

0

0

0

0

0

0

0

0

0

0

0

0

